1	2	
1	3	
1	4	
2	5	
2	6	
2	7	
2	8	
2	9	
2	10	
2	11	
2	12	
2	13	
2	14	
2	15	
2	16	
2	17	
2	18	
2	19	
2	20	
2	21	
2	22	
2	23	
2	24	
2	25	
2	26	
2	27	
2	28	
2	29	
2	30	
2	31	
2	32	
2	33	
2	34	
2	35	
2	36	
2	37	
2	38	
2	39	
2	40	
2	41	
2	42	
2	43	
2	44	
2	45	
2	46	
2	47	
2	48	
2	49	
2	50	
2	51	
2	52	
2	53	
2	54	
2	55	
3	56	
3	57	
3	58	
3	59	
3	60	
3	61	
3	62	
3	63	
3	64	
3	65	
3	66	
3	67	
3	68	
3	69	
3	70	
3	71	
3	72	
3	73	
3	74	
3	75	
3	76	
3	77	
3	78	
3	79	
3	80	
3	81	
3	82	
3	83	
3	84	
3	85	
3	86	
3	87	
3	88	
3	89	
3	90	
3	91	
3	92	
3	93	
3	94	
3	95	
3	96	
3	97	
3	98	
3	99	
3	100	
3	101	
3	102	
3	103	
3	104	
3	105	
3	106	
3	107	
3	108	
3	109	
3	110	
3	111	
3	112	
3	113	
3	114	
3	115	
3	116	
3	117	
3	118	
3	119	
3	120	
3	121	
3	122	
3	123	
3	124	
3	125	
3	126	
3	127	
3	128	
3	129	
3	130	
3	131	
3	132	
3	133	
3	134	
3	135	
3	136	
3	137	
3	138	
3	139	
3	140	
3	141	
3	142	
3	143	
3	144	
3	145	
3	146	
3	147	
3	148	
3	149	
3	150	
3	151	
3	152	
3	153	
3	154	
3	155	
3	156	
3	157	
3	158	
3	159	
3	160	
3	161	
3	162	
3	163	
3	164	
3	165	
3	166	
3	167	
3	168	
3	169	
3	170	
3	171	
3	172	
3	173	
3	174	
3	175	
4	176	
4	177	
4	178	
4	179	
4	180	
4	181	
4	182	
4	12	
4	183	
4	184	
4	185	
4	186	
4	187	
4	188	
4	189	
4	190	
4	191	
4	192	
4	193	
4	194	
4	195	
4	196	
4	197	
4	198	
4	199	
4	200	
4	201	
4	202	
4	203	
4	204	
4	205	
4	206	
4	207	
4	208	
4	209	
4	210	
4	211	
4	212	
4	213	
4	214	
4	215	
4	216	
4	217	
4	218	
4	219	
56	220	
56	221	
220	5	
220	6	
220	7	
220	8	
220	9	
220	10	
220	11	
220	12	
220	13	
220	14	
220	15	
220	17	
220	18	
220	19	
220	20	
220	21	
220	22	
220	23	
220	24	
220	25	
220	26	
220	27	
220	28	
220	29	
220	30	
220	31	
220	32	
220	33	
220	34	
220	35	
220	36	
220	37	
220	38	
220	39	
220	40	
220	41	
220	42	
220	43	
220	44	
220	45	
220	46	
220	47	
220	48	
220	49	
220	50	
220	51	
220	52	
220	53	
220	54	
220	55	
220	222	
220	223	
220	224	
221	12	
221	14	
57	225	
225	5	
225	6	
225	7	
225	8	
225	9	
225	10	
225	11	
225	12	
225	13	
225	226	
225	227	
225	228	
225	229	
225	230	
225	231	
225	232	
225	233	
225	234	
225	235	
225	236	
225	237	
225	238	
225	239	
225	240	
225	241	
225	242	
225	243	
225	244	
225	245	
225	246	
225	247	
225	248	
225	249	
225	250	
225	29	
225	30	
225	31	
225	251	
225	36	
225	37	
225	38	
225	252	
225	253	
225	254	
225	255	
225	256	
225	257	
225	258	
225	259	
225	260	
225	261	
225	262	
225	55	
58	263	
58	264	
263	265	
263	6	
263	7	
263	266	
263	9	
263	10	
263	267	
263	12	
263	13	
263	268	
263	269	
263	228	
263	17	
263	230	
263	231	
263	232	
263	270	
263	271	
263	272	
263	273	
263	237	
263	238	
263	239	
263	274	
263	275	
263	276	
263	244	
263	245	
263	246	
263	277	
263	278	
263	279	
263	280	
263	281	
263	282	
263	283	
263	284	
263	285	
263	286	
263	287	
263	288	
263	289	
263	290	
263	291	
263	292	
263	293	
263	294	
263	252	
263	253	
263	254	
263	295	
263	296	
263	297	
263	298	
263	299	
263	300	
263	301	
263	302	
263	303	
263	304	
263	256	
263	257	
263	258	
263	305	
263	306	
263	307	
263	308	
263	309	
263	310	
263	311	
263	312	
263	313	
263	314	
263	315	
263	316	
263	317	
263	318	
263	319	
263	320	
263	321	
263	322	
263	323	
263	324	
263	325	
263	326	
263	327	
263	328	
263	329	
263	330	
263	331	
263	332	
263	333	
263	334	
263	335	
263	336	
263	337	
263	338	
263	339	
263	340	
263	341	
263	342	
263	343	
263	344	
263	345	
263	346	
263	347	
263	55	
263	348	
263	349	
263	350	
264	176	
264	177	
264	178	
264	179	
264	180	
264	351	
264	182	
264	12	
264	183	
264	352	
264	353	
264	354	
264	355	
264	356	
264	357	
264	358	
264	359	
264	360	
264	361	
264	362	
264	363	
264	364	
264	365	
264	366	
264	367	
264	368	
264	369	
264	370	
264	371	
264	372	
264	373	
264	374	
264	375	
264	376	
264	377	
264	378	
264	379	
264	380	
264	381	
264	382	
264	383	
264	384	
264	385	
264	386	
264	387	
264	388	
264	389	
59	390	
59	391	
390	392	
390	393	
390	394	
390	395	
390	396	
390	397	
390	398	
390	12	
390	13	
390	399	
390	400	
390	228	
390	229	
390	230	
390	231	
390	232	
390	236	
390	237	
390	238	
390	239	
390	240	
390	241	
390	242	
390	243	
390	274	
390	275	
390	276	
390	244	
390	245	
390	246	
390	247	
390	248	
390	249	
390	250	
390	282	
390	283	
390	284	
390	285	
390	286	
390	287	
390	251	
390	289	
390	290	
390	291	
390	292	
390	293	
390	294	
390	252	
390	253	
390	254	
390	255	
390	299	
390	300	
390	301	
390	256	
390	257	
390	258	
390	259	
390	401	
390	402	
390	403	
390	260	
390	261	
390	262	
390	55	
391	176	
391	177	
391	178	
391	179	
391	180	
391	181	
391	182	
391	12	
391	183	
391	404	
391	405	
391	406	
391	407	
391	408	
391	186	
391	187	
391	188	
391	354	
391	355	
391	356	
391	409	
391	410	
391	411	
391	412	
391	363	
391	364	
391	365	
391	366	
391	367	
391	368	
391	413	
391	414	
391	415	
391	375	
391	376	
391	377	
391	204	
391	205	
391	206	
391	416	
391	417	
391	418	
391	378	
391	379	
391	380	
391	419	
391	420	
391	421	
391	422	
391	423	
391	424	
391	384	
391	385	
391	386	
391	425	
391	426	
391	427	
391	428	
391	429	
391	430	
391	431	
60	432	
432	5	
432	6	
432	7	
432	433	
432	9	
432	434	
432	435	
432	436	
432	13	
432	437	
432	269	
432	229	
432	230	
432	231	
432	232	
432	233	
432	234	
432	235	
432	236	
432	237	
432	238	
432	239	
432	240	
432	241	
432	242	
432	243	
432	274	
432	275	
432	276	
432	244	
432	245	
432	246	
432	247	
432	248	
432	249	
432	250	
432	282	
432	283	
432	284	
432	285	
432	286	
432	287	
432	251	
432	289	
432	290	
432	291	
432	292	
432	293	
432	294	
432	252	
432	253	
432	254	
432	255	
432	299	
432	300	
432	301	
432	302	
432	303	
432	304	
432	259	
432	401	
432	402	
432	403	
432	306	
432	307	
432	308	
432	55	
61	438	
61	439	
438	5	
438	6	
438	7	
438	8	
438	9	
438	10	
438	11	
438	12	
438	13	
438	440	
438	269	
438	228	
438	441	
438	18	
438	19	
438	20	
438	21	
438	22	
438	23	
438	442	
438	443	
438	444	
438	445	
438	270	
438	271	
438	272	
438	24	
438	25	
438	26	
438	27	
438	28	
438	285	
438	286	
438	287	
438	29	
438	30	
438	31	
438	446	
438	447	
438	448	
438	449	
438	32	
438	36	
438	37	
438	38	
438	255	
438	47	
438	48	
438	49	
438	50	
438	51	
438	52	
438	53	
438	54	
438	401	
438	402	
438	403	
438	55	
439	176	
439	177	
439	178	
439	179	
439	180	
439	450	
439	182	
439	12	
439	183	
439	451	
439	185	
439	406	
439	407	
439	408	
439	186	
439	187	
439	188	
439	354	
439	355	
439	356	
439	452	
439	453	
439	454	
439	455	
439	409	
439	410	
439	411	
439	412	
439	360	
439	361	
439	362	
439	456	
439	457	
439	458	
439	366	
439	367	
439	368	
439	369	
439	370	
439	371	
439	413	
439	414	
439	415	
439	372	
439	373	
439	374	
439	375	
439	376	
439	377	
439	416	
439	417	
439	418	
439	378	
439	379	
439	380	
439	419	
439	420	
439	421	
439	422	
439	423	
439	424	
439	384	
439	385	
439	386	
439	425	
439	426	
439	427	
439	428	
439	429	
439	430	
439	431	
62	459	
62	460	
459	5	
459	6	
459	7	
459	8	
459	9	
459	10	
459	11	
459	12	
459	13	
459	461	
459	462	
459	228	
459	17	
459	21	
459	22	
459	23	
459	24	
459	28	
459	29	
459	30	
459	31	
459	32	
459	36	
459	37	
459	38	
459	255	
459	47	
459	48	
459	49	
459	50	
459	51	
459	52	
459	53	
459	54	
459	401	
459	402	
459	403	
459	55	
459	463	
459	464	
459	465	
459	466	
459	222	
459	223	
459	224	
460	176	
460	177	
460	178	
460	179	
460	180	
460	467	
460	182	
460	12	
460	183	
460	468	
460	185	
460	186	
460	187	
460	188	
460	189	
460	190	
460	191	
460	192	
460	193	
460	194	
460	413	
460	414	
460	415	
460	375	
460	376	
460	377	
460	204	
460	205	
460	206	
460	416	
460	417	
460	418	
460	422	
460	423	
460	424	
460	213	
460	214	
460	215	
460	216	
460	217	
460	218	
460	219	
460	469	
460	470	
460	471	
63	472	
63	473	
472	5	
472	6	
472	7	
472	474	
472	9	
472	10	
472	475	
472	12	
472	13	
472	476	
472	477	
472	228	
472	229	
472	230	
472	231	
472	232	
472	236	
472	237	
472	238	
472	239	
472	274	
472	275	
472	276	
472	244	
472	245	
472	246	
472	247	
472	248	
472	249	
472	250	
472	282	
472	283	
472	284	
472	251	
472	289	
472	290	
472	291	
472	252	
472	253	
472	254	
472	255	
472	299	
472	300	
472	301	
472	302	
472	303	
472	304	
472	256	
472	257	
472	258	
472	259	
472	306	
472	307	
472	308	
472	55	
473	176	
473	177	
473	178	
473	179	
473	478	
473	479	
473	182	
473	12	
473	183	
473	480	
473	481	
473	406	
473	407	
473	408	
473	186	
473	187	
473	188	
473	354	
473	355	
473	356	
473	452	
473	453	
473	454	
473	455	
473	409	
473	410	
473	411	
473	412	
473	360	
473	361	
473	362	
473	375	
473	376	
473	377	
473	416	
